ParamFiles/Arcus_CATGrating_Facets_Specs_Rev1p0_171112.csv
# %ECSV 0.9
# ---
# datatype:
# - {name: facet_num,datatype: int}
# - {name: chan_id,datatype: int}
# - {name: SPO_MM_num,datatype: int}
# - {name: SPO_row_num,datatype: int}
# - {name: X,unit: mm,datatype: float64}
# - {name: Y,unit: mm,datatype: float64}
# - {name: Z,unit: mm,datatype: float64}
# - {name: DispNX,datatype: float64}
# - {name: DispNY,datatype: float64}
# - {name: DispNZ,datatype: float64}
# - {name: GBarNX,datatype: float64}
# - {name: GBarNY,datatype: float64}
# - {name: GBarNZ,datatype: float64}
# - {name: NormNX,datatype: float64}
# - {name: NormNY,datatype: float64}
# - {name: NormNZ,datatype: float64}
# - {name: xsize,unit: mm,datatype: float64}
# - {name: ysize,unit: mm,datatype: float64}
# - {name: period,unit: mm,datatype: float64}
# Author: Casey DeRoo
# ORIGFILE: arcusTrace.ParamFiles.arcus_params_rev1p8.py
# Description: Specifications of CAT Grating Facets from ARCUS-MEMO-#0002 (E. Hertz, as of 17/11/12)
facet_num,chan_id,SPO_MM_num,SPO_row_num,X,Y,Z,DispNX,DispNY,DispNZ,GBarNX,GBarNY,GBarNZ,NormNX,NormNY,NormNZ,xsize,ysize,period
[from data line 143]
143,1,28,7,54.5,733.0,11850.712028215001,0.99935185393348502,-0.0022223446849279479,-0.035929559193063176,0.0,0.9980925853678313,-0.061734844567378877,0.035998222729830123,0.061694831370705618,0.99744567558460728,27,26,0.0002
144,1,28,7,86.5,764.0,11846.742965185,0.99925116155255334,-0.0024901235529248252,-0.038612373930698489,0.0,0.99792696472248976,-0.064356608671983312,0.038692585024432201,0.064308415969062449,0.99717967864356172,27,26,0.0002
145,1,28,7,86.5,733.0,11848.707186162001,0.999251161688682,-0.002389083137556541,-0.038618753806691199,0.0,0.9980919416773838,-0.061745250494834827,0.038692581508862692,0.061699013285722359,0.99734453219323793,27,26,0.0002
146,1,29,7,129.5,754.0,11844.417429398,0.99910435354443328,-0.0026882241859728035,-0.042228712735365416,0.0,0.99797992370781163,-0.063530086385509554,0.042314190628677549,0.063473185888816536,0.99708608652641606,27,26,0.0002
147,1,29,7,129.5,723.0,11846.356146986,0.99910435377830686,-0.0025776987376470392,-0.042235597905675042,0.0,0.99814276936484592,-0.060918075845152665,0.042314185106556518,0.060863514800689147,0.99724878656475413,27,26,0.0002
148,1,29,7,161.5,747.0,11842.449882706,0.99898652713444502,-0.0028335296378744082,-0.044920927346304901,0.0,0.99801648970707324,-0.06295304816108141,0.045010205552304644,0.062889246954966185,0.99700502707537864,27,26,0.0002
149,1,29,7,161.5,716.0,11844.370807369,0.99898652745547234,-0.0027159382010596925,-0.044928183160963274,0.0,0.99817785148444038,-0.060340507173096108,0.045010198427212461,0.060279353725753305,0.99716622563740531,27,26,0.0002
150,1,29,7,193.5,742.0,11840.178737897,0.99886137154560251,-0.0029838492233096006,-0.047613622817952575,0.0,0.99804212753158383,-0.062545276977800754,0.047707027092847645,0.062474061145745663,0.99690572836648894,27,26,0.0002
151,1,29,7,193.5,711.0,11842.087161337,0.9988613719678705,-0.0028591849771196572,-0.047621262601176259,0.0,0.99820245209992742,-0.059932166836282517,0.047707018251653244,0.059863926391096466,0.99706587080622611,27,26,0.0002
152,1,30,8,-193.5,781.0,11857.308561461999,0.99988548924493648,-0.00099460487053139855,-0.015100303260721837,0.0,0.99783783156515193,-0.065724134816332644,0.015133023406254657,0.065716608696028911,0.99772356840162846,27,26,0.0002
153,1,30,8,-193.5,812.0,11855.222370527999,0.99988548931984134,-0.0010340834011513269,-0.015097646145715383,0.0,0.99766257396389746,-0.068332924068349205,0.015133018457061741,0.068325099218736904,0.99754833094398399,27,26,0.0002
154,1,30,8,-161.5,786.0,11856.313167714001,0.99984113600268409,-0.0011790470427588005,-0.017785179361851682,0.0,0.99780978298871326,-0.066148597657221309,0.017824218267914957,0.066138089026580651,0.99765126693802675,27,26,0.0002
155,1,30,8,-161.5,817.0,11854.213417551,0.99984113608261205,-0.0012255489942752504,-0.017782031005879811,0.0,0.99763340032750403,-0.068757534503369688,0.017824213784384434,0.068746611412088557,0.99747491237741104,27,26,0.0002
156,1,30,8,-129.5,793.0,11855.008891748999,0.99978953245606739,-0.0013692620180135969,-0.020469878182453174,0.0,0.99777023979786839,-0.066742404614339959,0.02051562310236877,0.066728357504364608,0.99756024154608902,27,26,0.0002
157,1,30,8,-129.5,824.0,11852.890279857,0.99978953253591796,-0.0014227895230690395,-0.020466223432363338,0.0,0.99759228429230329,-0.069351527167496513,0.020515619210990765,0.069336930927443363,0.99738232357404077,27,26,0.0002
158,1,31,8,-86.5,801.0,11853.072557072001,0.99970876561182731,-0.0016271098903753874,-0.024077717339511778,0.0,0.99772443742064942,-0.067423638092649674,0.024132632655323446,0.067404002010661393,0.99743386575455228,27,26,0.0002
159,1,31,8,-86.5,832.0,11850.932238396999,0.99970876568099698,-0.0016900821485564014,-0.024073376225800872,0.0,0.99754467023921323,-0.070033069883731647,0.024132629789930138,0.070012673850316343,0.99725415099650072,27,26,0.0002
160,1,31,8,-54.5,801.0,11851.829954868999,0.99964015135611273,-0.001808811732544493,-0.026763706709724486,0.0,0.99772396186194157,-0.067430674967041304,0.026824760888551125,0.06740641013009803,0.99736493224729195,27,26,0.0002
161,1,31,8,-54.5,832.0,11849.689120146,0.99964015140758578,-0.0018788163337000543,-0.026758881572353524,0.0,0.99754415694471277,-0.070040380820368314,0.026824758970380686,0.07001517688791796,0.99718519208396517,27,26,0.0002
162,1,31,8,-22.5,801.0,11850.414287723001,0.9995642697017737,-0.0019906078521825998,-0.029450097044642035,0.0,0.99772341988773006,-0.067438693696811658,0.02951729553261959,0.067409308614695129,0.99728868156443495,27,26,0.0002
163,1,31,8,-22.5,832.0,11848.272905311,0.99956426972653634,-0.0020676484636999665,-0.02944478758433201,0.0,0.99754357198118382,-0.070048711615708664,0.029517294694058147,0.070018189271440601,0.99710891204777252,27,26,0.0002
164,1,32,8,22.5,832.0,11845.988250449,0.9994452521299646,-0.0023333832304685219,-0.033222632610486594,0.0,0.99754262787086756,-0.070062155123031114,0.033304474096907746,0.070023288291706537,0.99698924322278681,27,26,0.0002
165,1,32,8,22.5,801.0,11848.130456769,0.99944525216009972,-0.0022464411349463029,-0.033228623758172302,0.0,0.99772254513788028,-0.067451633957901089,0.033304473192575068,0.067414215309665196,0.99716906071114508,27,26,0.0002
166,1,32,8,54.5,832.0,11844.154983551,0.99935185367955848,-0.0025225020210669826,-0.035909741446920634,0.0,0.99754186989884275,-0.070072946268304251,0.035998229779129087,0.070027528746017934,0.9968953168063811,27,26,0.0002
167,1,32,8,54.5,801.0,11846.297814104,0.99935185376255542,-0.0024285131906628585,-0.035916217855271104,0.0,0.99772184283732046,-0.067462021354993226,0.035998227475037128,0.067418296099681571,0.99707517317886885,27,26,0.0002
168,1,32,8,86.5,832.0,11842.148134204999,0.99925116123403601,-0.0027117612267580872,-0.038597449701758109,0.0,0.99754103975676611,-0.070084762973060613,0.038692593250268137,0.070032280785642984,0.99679404235555602,27,26,0.0002
169,1,32,8,86.5,801.0,11844.291620983,0.99925116138263748,-0.0026107204113497533,-0.038604411851284867,0.0,0.9977210736571106,-0.067473396094330465,0.038692589412571782,0.067422869409690458,0.99697394158779984,27,26,0.0002
170,1,33,8,129.5,824.0,11839.739007243001,0.99910435297993072,-0.0029377985883270617,-0.042212097744707931,0.0,0.99758695182202906,-0.069428189911828586,0.042314203957469793,0.069366006760425244,0.99669346604136932,27,26,0.0002
171,1,33,8,129.5,793.0,11841.862316254999,0.99910435323615376,-0.0028272726389002439,-0.042219638487227776,0.0,0.99776530278045039,-0.06681616995485587,0.042314197907639448,0.066756326268463215,0.99687165751593698,27,26,0.0002
172,1,33,8,161.5,817.0,11837.811569428,0.99898652635911478,-0.0030990596113491353,-0.04490340724795084,0.0,0.99762686105510756,-0.068852350005889337,0.045010222760502074,0.068782569964045359,0.99661579252798882,27,26,0.0002
173,1,33,8,161.5,786.0,11839.917127520001,0.99898652671110499,-0.002981467603278914,-0.044911360484997484,0.0,0.99780373270129541,-0.066239799270241415,0.045010214948195869,0.066172667003019256,0.99679248527064279,27,26,0.0002
174,1,33,8,193.5,812.0,11835.568569861,0.99886137052531832,-0.003265350177842837,-0.047595167406978708,0.0,0.9976548319045595,-0.068445864575479048,0.047707048454942877,0.068367930096653359,0.9965188727073947,27,26,0.0002
175,1,33,8,193.5,781.0,11837.66167777,0.9988613709885853,-0.0031406852853311466,-0.047603546535340151,0.0,0.99783067189448682,-0.06583274433438624,0.04770703875534292,0.065757785261786078,0.99669451294298861,27,26,0.0002
