ParamFiles/Arcus_CATGrating_Facets_Specs_Rev1p0_171112.csv
# %ECSV 0.9
# ---
# datatype:
# - {name: facet_num,datatype: int}
# - {name: chan_id,datatype: int}
# - {name: SPO_MM_num,datatype: int}
# - {name: SPO_row_num,datatype: int}
# - {name: X,unit: mm,datatype: float64}
# - {name: Y,unit: mm,datatype: float64}
# - {name: Z,unit: mm,datatype: float64}
# - {name: DispNX,datatype: float64}
# - {name: DispNY,datatype: float64}
# - {name: DispNZ,datatype: float64}
# - {name: GBarNX,datatype: float64}
# - {name: GBarNY,datatype: float64}
# - {name: GBarNZ,datatype: float64}
# - {name: NormNX,datatype: float64}
# - {name: NormNY,datatype: float64}
# - {name: NormNZ,datatype: float64}
# - {name: xsize,unit: mm,datatype: float64}
# - {name: ysize,unit: mm,datatype: float64}
# - {name: period,unit: mm,datatype: float64}
# Author: Casey DeRoo
# ORIGFILE: arcusTrace.ParamFiles.arcus_params_rev1p8.py
# Description: Specifications of CAT Grating Facets from ARCUS-MEMO-#0002 (E. Hertz, as of 17/11/12)
facet_num,chan_id,SPO_MM_num,SPO_row_num,X,Y,Z,DispNX,DispNY,DispNZ,GBarNX,GBarNY,GBarNZ,NormNX,NormNY,NormNZ,xsize,ysize,period
0,1,0,1,-128.5,305.0,11877.602917087001,0.99978780212463747,-0.0005287986927357966,-0.020592986542263905,0.0,0.99967046817268634,-0.025670120050405455,0.020599774823703808,0.025664672905470455,0.99945834022327729,27,26,0.0002
1,1,0,1,-128.5,336.0,11876.764718382999,0.99978780215610208,-0.00058254548421018124,-0.020591534683692916,0.0,0.99960006293377801,-0.028279218213853523,0.020599773296589994,0.028273217424721428,0.9993879499556636,27,26,0.0002
2,1,0,1,-96.5,311.0,11876.436492239,0.99972871737464575,-0.00060970803456942158,-0.023283468653927959,0.0,0.99965731491953991,-0.026177332328863059,0.023291450286443402,0.026170230873424113,0.99938612525869408,27,26,0.0002
3,1,0,1,-96.5,342.0,11875.582401333,0.99972871740371827,-0.0006704828575460084,-0.023281796559850403,0.0,0.99958557843660256,-0.028786652837080689,0.02329144903857476,0.028778843519160786,0.99931440826567852,27,26,0.0002
4,1,1,1,-53.5,325.0,11874.431018329,0.99963788955605659,-0.00073621413514058797,-0.026898842961371249,0.0,0.99962565917427637,-0.02735948684447851,0.026908916067231184,0.027349579688551194,0.99926368428305579,27,26,0.0002
5,1,1,1,-53.5,356.0,11873.539990149,0.99963788957714605,-0.00080643775411924092,-0.026896828435676274,0.0,0.99955082365925985,-0.029969166189520797,0.026908915283776726,0.029958314042079333,0.99918887588784067,27,26,0.0002
6,1,1,1,-21.5,325.0,11873.015731911,0.99956178097479853,-0.00080997702856890432,-0.029590369239031154,0.0,0.99962556997477825,-0.027362745706520912,0.029601452911791518,0.027350754830770561,0.99918751503193748,27,26,0.0002
7,1,1,1,-21.5,356.0,11872.124476268,0.99956178098467219,-0.00088723652940352104,-0.029588153137557908,0.0,0.99955071661442618,-0.029972736204547778,0.029601452578390232,0.02995960158160153,0.99911269448362083,27,26,0.0002
8,1,2,1,21.5,356.0,11869.950133165999,0.99944805371894763,-0.00099588533093007844,-0.033205362967672888,0.0,0.99955055211042443,-0.029978221690843791,0.033220293758593769,0.029961675322868975,0.9989988539004635,27,26,0.0002
9,1,2,1,21.5,325.0,11870.841715189999,0.99944805373086032,-0.00090916478919719887,-0.033207850171027779,0.0,0.99962543289362527,-0.027367753145483533,0.033220293400199614,0.027352647616240153,0.99907369336540264,27,26,0.0002
10,1,2,1,53.5,356.0,11868.129230678,0.99935488364554681,-0.0010768033665796465,-0.035897869411787589,0.0,0.99955041427712743,-0.029982817052821138,0.035914015840560524,0.029963474647187779,0.99890558795777673,27,26,0.0002
11,1,2,1,53.5,325.0,11869.021071071,0.99935488367926373,-0.00098303655077909145,-0.035900558568707677,0.0,0.99962531803622579,-0.027371948066855861,0.035914014902338302,0.027354289976427585,0.99898044342893932,27,26,0.0002
12,1,3,1,96.5,342.0,11865.822589576001,0.99921819946301704,-0.001139006025047013,-0.039518255618906477,0.0,0.99958489684530205,-0.0288103106329444,0.039534666583725314,0.028787786716620929,0.99880342083618845,27,26,0.0002
13,1,3,1,96.5,311.0,11866.678085383999,0.99921819953149627,-0.0010357625228041333,-0.039521094633510778,0.0,0.99965675137292487,-0.026198844144925612,0.039534664852943428,0.026178361876298854,0.9988752192563588,27,26,0.0002
14,1,3,1,128.5,336.0,11863.767536551,0.99910791995061399,-0.0011955357750449268,-0.042212971776081382,0.0,0.99959918669010361,-0.028310174292703362,0.042229898081307934,0.028284919351022203,0.99870746419827494,27,26,0.0002
15,1,3,1,128.5,305.0,11864.607571955001,0.99910792005069748,-0.0010852330687986858,-0.042215949132474916,0.0,0.99966974626044136,-0.025698218062444909,0.042229895713455458,0.025675293197378591,0.99877796092387783,27,26,0.0002
16,1,4,2,-128.5,376.0,11875.563271133,0.99978780220120789,-0.00065189619981254759,-0.020589453635864542,0.0,0.99949914630034387,-0.031645798218468392,0.020599771107435771,0.031639083049745401,0.99928705478160418,27,26,0.0002
17,1,4,2,-128.5,407.0,11874.539202514001,0.99978780223965869,-0.0007056430188421925,-0.020587679828555139,0.0,0.99941312873155652,-0.034254899197067507,0.020599769241259398,0.034247630384177177,0.99920105550398397,27,26,0.0002
18,1,4,2,-96.5,382.0,11874.360416207999,0.99972871744531777,-0.00074890201248529044,-0.023279404221659267,0.0,0.99948294190484788,-0.032153519888659242,0.023291447253009245,0.03214479719964182,0.99921179961900675,27,26,0.0002
19,1,4,2,-96.5,413.0,11873.320405663,0.999728717480727,-0.00080967688185043865,-0.023277368143507036,0.0,0.99939558970157594,-0.034762843454463573,0.023291445733173349,0.034753412902714144,0.99912447114825109,27,26,0.0002
20,1,5,2,-53.5,393.0,11872.370210536999,0.99963788960483602,-0.00089025308333403848,-0.026894183680442111,0.0,0.99945257640109064,-0.033083946639149035,0.026908914255126395,0.033071966598157948,0.9990906642337023,27,26,0.0002
21,1,5,2,-53.5,424.0,11871.301043881,0.99963788963014699,-0.00096047677602848066,-0.026891766400684816,0.0,0.99936277938956941,-0.035693629274070736,0.02690891331485333,0.035680704240772909,0.99900089976390727,27,26,0.0002
22,1,5,2,-21.5,393.0,11870.95439798,0.9995617809976356,-0.00097944953724054184,-0.029585243744796656,0.0,0.99945244592145033,-0.033087888140987849,0.029601452140647262,0.033073388399656352,0.99901446686768791,27,26,0.0002
23,1,5,2,-21.5,424.0,11869.884958285,0.99956178100948523,-0.0010567091348996837,-0.02958258458874554,0.0,0.99936262748410776,-0.035697882122901689,0.029601451740515455,0.035682238633034262,0.99892468780233346,27,26,0.0002
24,1,6,2,21.5,424.0,11867.709794846,0.99944805368901068,-0.0011861112414111908,-0.033199113201586174,0.0,0.99936239404552962,-0.035704416639790529,0.033220294659270184,0.035684709718740167,0.9988107996587946,27,26,0.0002
25,1,6,2,21.5,393.0,11868.779626316,0.99944805370330736,-0.0010993905684790206,-0.033202097660376004,0.0,0.99945224540616295,-0.033093944349065318,0.033220294229148635,0.0330756782690389,0.9989006014405899,27,26,0.0002
26,1,6,2,53.5,424.0,11865.888242966001,0.99935488356081315,-0.0012824856642544473,-0.035891112182191716,0.0,0.99936219845789998,-0.0357098906942203,0.03591401819838165,0.035686853656691886,0.99871749347497263,27,26,0.0002
27,1,6,2,53.5,393.0,11866.958384572001,0.999354883601278,-0.0011887186891869769,-0.035894338970851987,0.0,0.99945207740182174,-0.033099017767650354,0.035914017072397317,0.033077665048506844,0.9988073144769527,27,26,0.0002
28,1,7,2,96.5,413.0,11863.556872143999,0.9992181992816338,-0.0013754672760192684,-0.039510736694497783,0.0,0.99939459535417452,-0.034791418149680196,0.039534671168094129,0.034764218193977806,0.99861326794159522,27,26,0.0002
29,1,7,2,96.5,382.0,11864.598594042,0.9992181993650332,-0.0012722235715932225,-0.039514193714219999,0.0,0.9994820913773782,-0.032179947419197698,0.039534669060218783,0.032154789115872169,0.99870069564370134,27,26,0.0002
30,1,7,2,128.5,407.0,11861.537142761001,0.99910791968485213,-0.0014481649278341973,-0.042205066536484363,0.0,0.99941184256046078,-0.034292403676394523,0.042229904368909971,0.034261812098115706,0.99852028692898687,27,26,0.0002
31,1,7,2,128.5,376.0,11862.563456178001,0.9991079198071473,-0.0013378619899242904,-0.042208704125227307,0.0,0.99949804878565118,-0.031680443078909985,0.04222990147555479,0.03165218158313849,0.99860641637353464,27,26,0.0002
32,1,8,3,-196.5,424.0,11875.519329274999,0.99988927512487913,-0.00053096046855541357,-0.014871300253327177,0.0,0.99936323156930063,-0.035680966738088099,0.01488077586162017,0.035677015967501828,0.9992525772002846,27,26,0.0002
33,1,8,3,-196.5,455.0,11874.37002498,0.9998892751656886,-0.00056978068101810658,-0.01486986074614087,0.0,0.99926667967630878,-0.038289723016567891,0.014880773119501638,0.038285483393331037,0.99915603603876846,27,26,0.0002
34,1,8,3,-164.5,430.0,11874.658460860999,0.99984560136552203,-0.00063589108388157668,-0.017560440556745199,0.0,0.99934500526822045,-0.036187849417454072,0.017571950091482214,0.036182262062919322,0.99919070776403474,27,26,0.0002
35,1,8,3,-164.5,461.0,11873.493222872001,0.99984560140966261,-0.00068173442086258266,-0.017558718060543262,0.0,0.99924712276303485,-0.038796747928099187,0.017571947579885304,0.038790757764909409,0.99909284041588142,27,26,0.0002
36,1,9,3,-128.5,447.0,11873.097854833,0.9997878022937845,-0.00077499377355928116,-0.020585183244643476,0.0,0.99929206141247717,-0.037621483197795146,0.020599766614323719,0.037613500005356154,0.99908001392920609,27,26,0.0002
37,1,9,3,-128.5,478.0,11871.887805629,0.99978780233923081,-0.00082874062566445103,-0.020583087296768082,0.0,0.99919042220436516,-0.040230587555521592,0.020599764408628617,0.040222050718950943,0.99897839633411045,27,26,0.0002
38,1,9,3,-96.5,452.0,11871.896651831999,0.99972871752920656,-0.00088613562152267406,-0.023274580792531196,0.0,0.99927600624459345,-0.038045543022214301,0.023291443652289859,0.038035221933300556,0.99900492018061482,27,26,0.0002
39,1,9,3,-96.5,484.0,11870.632412162,0.99972871757226067,-0.0009488710274318567,-0.023272105729739784,0.0,0.99916982062689585,-0.040739042065522084,0.023291441804295567,0.040727990279286787,0.99889876341223272,27,26,0.0002
40,1,10,3,-53.5,461.0,11869.91858662,0.99963788966287837,-0.0010442922012464729,-0.026888640801383562,0.0,0.99924666974784793,-0.038808414008248922,0.026908912098920181,0.038794361080369238,0.99888483219939761,27,26,0.0002
41,1,10,3,-53.5,492.0,11868.671175366,0.99963788969241574,-0.0011145159811020188,-0.026885820527216029,0.0,0.99914190230829047,-0.041418100533105379,0.026908911001632948,0.041403102611981782,0.99878010272672546,27,26,0.0002
42,1,10,3,-21.5,461.0,11868.502147907,0.99956178102480886,-0.001148922268833983,-0.029579146237384626,0.0,0.99924649012889022,-0.038813038596505124,0.029601451223080392,0.038796029986507309,0.99880860135602245,27,26,0.0002
43,1,10,3,-21.5,492.0,11867.254417958,0.9995617810386368,-0.0012261819809755337,-0.02957604376209836,0.0,0.99914169767393046,-0.041423036697662681,0.029601450756137387,0.041404884337544537,0.99870385483692137,27,26,0.0002
44,1,11,3,21.5,492.0,11865.078290553,0.99944805365383915,-0.0013763374778775702,-0.033191772213901682,0.0,0.99914138321474855,-0.041430620894684814,0.033220295717415672,0.041407753414862816,0.99858991077898496,27,26,0.0002
45,1,11,3,21.5,461.0,11866.326477787999,0.99944805367052303,-0.0012896166498228025,-0.033195254225571749,0.0,0.99924621410650416,-0.038820144175652965,0.033220295215482948,0.038798717539565444,0.99869468382638427,27,26,0.0002
46,1,11,3,53.5,492.0,11863.255975579999,0.99935488346126644,-0.0014881683576489092,-0.035883175125096534,0.0,0.99914111974997522,-0.041436974126570207,0.035914020968405271,0.041410242449246064,0.99849655728909537,27,26,0.0002
47,1,11,3,53.5,461.0,11864.504524811,0.99935488350848622,-0.0013944011942760145,-0.03588693986743955,0.0,0.99924598284276078,-0.038826096540921583,0.035914019654444428,0.038801049185741933,0.99860135278015005,27,26,0.0002
48,1,12,3,96.5,484.0,11860.86445411,0.99921819906605147,-0.0016119290555332093,-0.039501801730001951,0.0,0.99916845438915014,-0.040772536756945532,0.039534676616819038,0.040740660749629509,0.99838730355833705,27,26,0.0002
49,1,12,3,96.5,452.0,11862.130775015001,0.99921819916745114,-0.0015053546611144531,-0.039506004099376178,0.0,0.9992748149490196,-0.038076819833103355,0.039534674053995515,0.038047051343657032,0.99849358106674735,27,26,0.0002
50,1,12,3,128.5,478.0,11858.879932095,0.99910791936817855,-0.001700794687483206,-0.04219564851047778,0.0,0.99918864735863089,-0.040274644500347026,0.042229911861010994,0.040238716270034787,0.99829729051878668,27,26,0.0002
51,1,12,3,128.5,447.0,11860.092634926999,0.99910791951270983,-0.0015904914715383757,-0.042199946728202445,0.0,0.99929050962972865,-0.037662678661467143,0.042229908441579186,0.037629080520734173,0.99839906206495399,27,26,0.0002
52,1,13,3,164.5,461.0,11856.840509207999,0.99897510783639365,-0.0017585175799472727,-0.045228768932913749,0.0,0.99924500886963208,-0.038851155055274547,0.045262942052697895,0.038811336810911333,0.99822089049051876,27,26,0.0002
53,1,13,3,164.5,430.0,11858.009019834,0.99897510803702816,-0.0016402651704586562,-0.045233207409810003,0.0,0.99934316647683696,-0.036238592909339472,0.045262937624598674,0.036201452266717275,0.99831894769726404,27,26,0.0002
54,1,13,3,196.5,455.0,11854.475380870001,0.99884926530322504,-0.0018394459063704926,-0.047924541124200234,0.0,0.99926421895540174,-0.038353887879207009,0.047959829057322788,0.038309752729668196,0.9981143309474042,27,26,0.0002
55,1,13,3,196.5,424.0,11855.628542832001,0.9988492655644704,-0.0017141202621201086,-0.047929181852447718,0.0,0.99936109514880034,-0.035740754090957158,0.047959823616418928,0.035699625974472904,0.99821109592308421,27,26,0.0002
56,1,14,4,-193.5,502.0,11872.419493275,0.99988548870295413,-0.00063929798730126173,-0.015119549574595562,0.0,0.99910727620368556,-0.042245125598733155,0.015133059216669319,0.042240288054606952,0.99899286713359914,27,26,0.0002
57,1,14,4,-193.5,533.0,11871.065833121,0.99988548875146421,-0.00067877653816168294,-0.015117825460591568,0.0,0.99899355749119934,-0.044853897167110586,0.015133056011449552,0.044848760891344285,0.99887916149165179,27,26,0.0002
58,1,14,4,-161.5,507.0,11871.545148875,0.99984113542344633,-0.00076052991200778832,-0.017808018121243371,0.0,0.99908929475209918,-0.042668268206629875,0.017824250759950359,0.04266148973026896,0.99893057485434933,27,26,0.0002
59,1,14,4,-161.5,538.0,11870.178122691999,0.99984113547539011,-0.00080703178209093546,-0.017805968409094722,0.0,0.99897446235773113,-0.045277185834391942,0.017824247846206134,0.045269992895788688,0.99881576075467116,27,26,0.0002
60,1,14,4,-129.5,514.0,11870.409476655999,0.99978953187616015,-0.00088751553755118918,-0.020496445228846458,0.0,0.99906383015475175,-0.043260412347982898,0.020515651363008133,0.043251307410159472,0.99885355906482265,27,26,0.0002
61,1,14,4,-129.5,545.0,11869.023814217,0.99978953192829811,-0.00094104284213329778,-0.020494054868768,0.0,0.99894743989848889,-0.045869514061682951,0.020515648822174833,0.04585985999350848,0.99873719335708189,27,26,0.0002
62,1,15,4,-86.5,528.0,11868.400954072,0.99970876511687712,-0.0010725497277529218,-0.024108807219985685,0.0,0.99901188075834302,-0.044443920885519919,0.024132653158924253,0.044430977265415297,0.9987209336500118,27,26,0.0002
63,1,15,4,-86.5,559.0,11866.978151518,0.9997087651627875,-0.001135521604594957,-0.024105921417361391,0.0,0.99889237865304892,-0.047053330050635285,0.024132651257052228,0.047039626481717688,0.99860146639375902,27,26,0.0002
64,1,15,4,-54.5,528.0,11867.1620422,0.99964015098777459,-0.001192322378363353,-0.026798263012460619,0.0,0.99901167473735675,-0.044448551590143923,0.026824774614877214,0.044432556822759366,0.99865218137300094,27,26,0.0002
65,1,15,4,-54.5,559.0,11865.738897507999,0.99964015102194248,-0.0012623264449082693,-0.026795055453848016,0.0,0.99889214766606838,-0.04705823340361899,0.026824773341601698,0.047041299546419509,0.99853269734754102,27,26,0.0002
66,1,15,4,-22.5,528.0,11865.750291652999,0.99956426952456423,-0.0013121570894512121,-0.029488121906913394,0.0,0.99901143989618846,-0.04445382949245473,0.029517301533581668,0.044434459604195044,0.99857614016651663,27,26,0.0002
67,1,15,4,-22.5,559.0,11864.326783844999,0.99956426954100297,-0.0013891969977512133,-0.029484592394377066,0.0,0.99889188437139942,-0.047063821954392591,0.029517300976903679,0.047043314813650254,0.99845663675213392,27,26,0.0002
68,1,16,4,22.5,559.0,11862.048298513,0.99944525235575821,-0.0015677359292711589,-0.033267547964809747,0.0,0.99889145934016199,-0.047072842035312555,0.033304467320989309,0.047046728487085701,0.99833732665623975,27,26,0.0002
69,1,16,4,22.5,528.0,11863.472352567,0.99944525237576542,-0.00148079480014701,-0.03327153062759286,0.0,0.99901106079028268,-0.044462348326131884,0.033304466720591577,0.044437682944030062,0.99845686177772508,27,26,0.0002
70,1,16,4,54.5,559.0,11860.219705940999,0.99935185430144868,-0.0016947988538038028,-0.035958294746851666,0.0,0.99889111805562469,-0.047080083576646684,0.035998212514739045,0.047049568822989045,0.9982436910741358,27,26,0.0002
