ParamFiles/Arcus_CATGrating_Facets_Specs_Rev1p0_171112.csv
# %ECSV 0.9
# ---
# datatype:
# - {name: facet_num,datatype: int}
# - {name: chan_id,datatype: int}
# - {name: SPO_MM_num,datatype: int}
# - {name: SPO_row_num,datatype: int}
# - {name: X,unit: mm,datatype: float64}
# - {name: Y,unit: mm,datatype: float64}
# - {name: Z,unit: mm,datatype: float64}
# - {name: DispNX,datatype: float64}
# - {name: DispNY,datatype: float64}
# - {name: DispNZ,datatype: float64}
# - {name: GBarNX,datatype: float64}
# - {name: GBarNY,datatype: float64}
# - {name: GBarNZ,datatype: float64}
# - {name: NormNX,datatype: float64}
# - {name: NormNY,datatype: float64}
# - {name: NormNZ,datatype: float64}
# - {name: xsize,unit: mm,datatype: float64}
# - {name: ysize,unit: mm,datatype: float64}
# - {name: period,unit: mm,datatype: float64}
# Author: Casey DeRoo
# ORIGFILE: arcusTrace.ParamFiles.arcus_params_rev1p8.py
# Description: Specifications of CAT Grating Facets from ARCUS-MEMO-#0002 (E. Hertz, as of 17/11/12)
facet_num,chan_id,SPO_MM_num,SPO_row_num,X,Y,Z,DispNX,DispNY,DispNZ,GBarNX,GBarNY,GBarNZ,NormNX,NormNY,NormNZ,xsize,ysize,period
[from data line 72]
72,1,16,4,86.5,559.0,11858.217770484,0.99925116234752398,-0.001821956023932468,-0.038649644543893316,0.0,0.99889074423809276,-0.047088014138089426,0.038692564494001255,0.047052752860122497,0.99814273723809765,27,26,0.0002
73,1,16,4,86.5,528.0,11859.64267347,0.99925116244619361,-0.0017209166021239126,-0.038654272674302548,0.0,0.99901042294467501,-0.04447667757265189,0.03869256194581587,0.044443371766216953,0.99826232642333002,27,26,0.0002
74,1,17,4,129.5,545.0,11855.908268281,0.99910435493014726,-0.0019430724811983395,-0.042269521276529672,0.0,0.9989451135161409,-0.045920150067526921,0.042314157909784586,0.045879021911512059,0.99805041325016686,27,26,0.0002
75,1,17,4,129.5,514.0,11857.296994615999,0.9991043550975427,-0.0018325482566951315,-0.042274453184046643,0.0,0.99906176138349922,-0.043308162525092335,0.042314153957313951,0.043269373790091957,0.99816695680967626,27,26,0.0002
76,1,17,4,161.5,538.0,11853.820381072001,0.99898652903409546,-0.0020407400122144396,-0.044963876485607145,0.0,0.99897163438025882,-0.045339537973324281,0.045010163390176536,0.045293587667980792,0.99795920563305218,27,26,0.0002
77,1,17,4,161.5,507.0,11855.191178446001,0.99898652926301457,-0.0019231499678334072,-0.044969054306681099,0.0,0.99908678386726368,-0.042727020745278316,0.045010158309386247,0.042683718160074408,0.99807423864810541,27,26,0.0002
78,1,17,4,193.5,533.0,11851.464501599001,0.99886137404199737,-0.0021433757277078266,-0.047658801783336271,0.0,0.9989902306395666,-0.044927932143664535,0.047706974824793316,0.044876776033886373,0.99785275443116916,27,26,0.0002
79,1,17,4,193.5,502.0,11852.822638144,0.99886137434229272,-0.0020187130546976098,-0.047664238634734381,0.0,0.99910432576307184,-0.042314846585066117,0.047706968537375251,0.042266665815042424,0.99796671994303165,27,26,0.0002
80,1,18,5,-193.5,571.0,11869.295652191,0.99988548881491357,-0.00072716959801298641,-0.01511557083730476,0.0,0.99884484755093217,-0.048051748365228464,0.015133051819175552,0.048046245902577681,0.99873046864372139,27,26,0.0002
81,1,18,5,-193.5,602.0,11867.761086754999,0.99988548886992845,-0.0007666481446768202,-0.015113616310014094,0.0,0.99871593125800862,-0.050660523600219741,0.015133048184158421,0.050654722406412278,0.9986015671681,27,26,0.0002
82,1,18,5,-161.5,576.0,11868.391529883,0.99984113554328835,-0.00086403408450261775,-0.017803289600765767,0.0,0.99882438566943488,-0.048475216266417362,0.017824244037487728,0.048467515277521224,0.99866570797605525,27,26,0.0002
83,1,18,5,-161.5,607.0,11866.843552855,0.9998411356021295,-0.00091053597149627239,-0.017800968571652559,0.0,0.99869435307131982,-0.051084137885044074,0.017824240736826653,0.051076022434238227,0.99853569609426229,27,26,0.0002
84,1,18,5,-129.5,583.0,11867.214344959,0.99978953199639387,-0.001006656982232615,-0.020490933413385981,0.0,0.99879545148769588,-0.049067770353762696,0.020515645503656369,0.049057443158094939,0.99858523700301061,27,26,0.0002
85,1,18,5,-129.5,614.0,11865.647678974001,0.99978953205536314,-0.0010601843285294877,-0.020488230809609976,0.0,0.99866385758429843,-0.051676876403748039,0.020515642629913178,0.051666000077786087,0.99845367085480941,27,26,0.0002
86,1,19,5,-86.5,596.0,11865.173487148,0.99970876522102936,-0.0012106816332975547,-0.024102261101978498,0.0,0.99874080368977936,-0.050167788919720797,0.024132648844359166,0.050153178314803315,0.99844993563256779,27,26,0.0002
87,1,19,5,-86.5,627.0,11863.572221033,0.99970876527271535,-0.0012736535906555915,-0.024099013329059987,0.0,0.99860631224624996,-0.052777202862080264,0.024132646703235863,0.052761832307797865,0.99831548340923815,27,26,0.0002
88,1,19,5,-54.5,596.0,11863.933799056,0.9996401510652867,-0.001345879751048909,-0.026790987026735279,0.0,0.99874054102070264,-0.050173017864926228,0.026824771726353638,0.050154963157896179,0.99838114530096134,27,26,0.0002
89,1,19,5,-54.5,627.0,11862.332147671001,0.99964015110375193,-0.0014158839304781407,-0.02678737713856718,0.0,0.99860602145130428,-0.052782704754469265,0.026824770292929213,0.05276371095642237,0.9982466741766981,27,26,0.0002
90,1,19,5,-22.5,596.0,11862.521224695,0.99956426956185684,-0.0014811479421096218,-0.029480115604343472,0.0,0.99874024161979946,-0.050178977363280128,0.029517300270720408,0.050157112855488045,0.99830506009672726,27,26,0.0002
91,1,19,5,-22.5,627.0,11860.919164419,0.99956426958036282,-0.0015581879989031056,-0.029476143377922707,0.0,0.99860568999843535,-0.052788975200784058,0.029517299644035565,0.052765973438467603,0.99817056712208008,27,26,0.0002
92,1,20,5,22.5,627.0,11858.639370938001,0.99944525230785575,-0.0017584458251971812,-0.033258014185557981,0.0,0.99860515496300917,-0.052799095459151409,0.033304468758515414,0.052769805282798135,0.99805118105793,27,26,0.0002
93,1,20,5,22.5,596.0,11860.242046322999,0.99944525233037829,-0.0016715044919926811,-0.033262496403606311,0.0,0.99873975831363326,-0.050188595951924014,0.033304468082626305,0.050160753945278087,0.9981857097601502,27,26,0.0002
94,1,20,5,54.5,627.0,11856.809787251999,0.99935185416951,-0.0019009657208952301,-0.035947988779491416,0.0,0.99860472536286304,-0.052807219988946906,0.035998216177506065,0.052772993209491297,0.99795748387381134,27,26,0.0002
95,1,20,5,54.5,596.0,11858.412928672,0.99935185423154416,-0.0018069778151398222,-0.035952834035029448,0.0,0.99873937024303272,-0.05019631785849004,0.035998214455369576,0.050163783327477979,0.99809204154641928,27,26,0.0002
96,1,20,5,86.5,627.0,11854.806809887001,0.9992511621112844,-0.002043591349575811,-0.038638565626120405,0.0,0.99860425482110848,-0.052816117361831824,0.038692570594987277,0.052776566652016424,0.9978564621192656,27,26,0.0002
97,1,20,5,86.5,596.0,11856.410441225,0.99925116222235755,-0.0019425516334501958,-0.038643774277613389,0.0,0.99873894518437634,-0.050204774394465669,0.038692567726473705,0.050167179162781086,0.99799105173221958,27,26,0.0002
98,1,21,5,129.5,614.0,11852.524664904,0.99910435452222413,-0.0021890785857385858,-0.042257504773419802,0.0,0.99866090315909739,-0.051733939550899236,0.042314167541500046,0.051687604281892938,0.99776645703735123,27,26,0.0002
99,1,21,5,129.5,583.0,11854.094796944,0.99910435471152936,-0.0020785540021748881,-0.042263080930271819,0.0,0.99879278856716391,-0.049121945261039517,0.042314163071702868,0.049077949422205953,0.99789822451192534,27,26,0.0002
100,1,21,5,161.5,607.0,11850.476608538,0.99898652847560709,-0.0023024733421364691,-0.044951246264860856,0.0,0.99869075115206984,-0.051154506774229593,0.045010175785653354,0.051102663138269541,0.99767860651410245,27,26,0.0002
101,1,21,5,161.5,576.0,11852.028858299,0.99898652873488492,-0.0021848828897800395,-0.044957109482077685,0.0,0.99882114311159442,-0.048541982584646544,0.045010170031067116,0.048492786680145283,0.99780886658406109,27,26,0.0002
102,1,21,5,193.5,602.0,11848.148822502,0.99886137330876179,-0.002420851443700188,-0.047645528541741942,0.0,0.99871168491485474,-0.050744166310343543,0.047706990176853661,0.050686387648157964,0.99757452513355926,27,26,0.0002
103,1,21,5,193.5,571.0,11849.688465335999,0.99886137364926064,-0.0022961883102118946,-0.047651692003077492,0.0,0.99884102827143051,-0.048131073556186933,0.0477069830476851,0.048076270247546495,0.99770372155644127,27,26,0.0002
104,1,22,6,-193.5,641.0,11865.714984949,0.99988548894329898,-0.00081631470044674288,-0.015111010255109312,0.0,0.99854404162057187,-0.053942533719263927,0.015133043336361136,0.053936356702726583,0.9984296972872031,27,26,0.0002
105,1,22,6,-193.5,672.0,11863.996731966001,0.99988548900492724,-0.00085579324231128452,-0.015108821770862601,0.0,0.99839969400100925,-0.056551313147361115,0.015133039264380352,0.056544837400219948,0.99828536625856901,27,26,0.0002
106,1,22,6,-161.5,646.0,11864.78054862,0.99984113568056376,-0.00096903835727784726,-0.017797875313153064,0.0,0.99852105731556595,-0.054366332388750431,0.017824236337089426,0.054357695518355259,0.99836242794735297,27,26,0.0002
107,1,22,6,-161.5,677.0,11863.048836344,0.99984113574641709,-0.001015540263589889,-0.017795278792083473,0.0,0.99837559060269387,-0.05697525856652591,0.017824232643088678,0.056966207234601038,0.99821698440969708,27,26,0.0002
108,1,22,6,-129.5,653.0,11863.561128223,0.99978953213391597,-0.0011275252126782789,-0.020484631369404906,0.0,0.99848859532537004,-0.054959303172160523,0.020515638801792954,0.05494773600490041,0.99827844556140266,27,26,0.0002
109,1,22,6,-129.5,684.0,11861.810671484,0.99978953219982925,-0.0011810526065627379,-0.020481611713610931,0.0,0.99834156363945636,-0.057568414168926933,0.020515635589632441,0.057556297871437491,0.99813144488673833,27,26,0.0002
110,1,23,6,-86.5,664.0,11861.554459285,0.99970876533785646,-0.0013488137211688073,-0.024094920796799188,0.0,0.99843683900068381,-0.055891667771882959,0.024132644004717745,0.05587539018090279,0.99814605958520586,27,26,0.0002
111,1,23,6,-86.5,695.0,11859.77457028,0.99970876539532905,-0.001411785768619947,-0.024091310730017339,0.0,0.99828734481251946,-0.058501087059728216,0.024132641623882088,0.058484049518765555,0.99799660899230502,27,26,0.0002
112,1,23,6,-54.5,664.0,11860.313900294001,0.99964015115223004,-0.0014994373793561376,-0.02678282830270784,0.0,0.9984365127447109,-0.055897495634247438,0.026824768486362349,0.05587738098485022,0.99807722651602826,27,26,0.0002
113,1,23,6,-54.5,695.0,11858.533582774,0.99964015119500038,-0.0015694416850925705,-0.026778815725000953,0.0,0.99828698725793574,-0.058507188203447871,0.026824766892490692,0.058486134461688988,0.9979277548785247,27,26,0.0002
114,1,23,6,-22.5,664.0,11858.900401639001,0.99956426960368605,-0.0016501391310224077,-0.029471137957291955,0.0,0.99843614088273447,-0.05590413740674547,0.029517298854222183,0.055879778274797655,0.99800109190737363,27,26,0.0002
115,1,23,6,-22.5,695.0,11857.119629329,0.99956426962426359,-0.0017271793539619083,-0.02946672262047989,0.0,0.99828657973186219,-0.058514141258850336,0.029517298157403452,0.058488644870093691,0.99785159594538264,27,26,0.0002
116,1,24,6,22.5,695.0,11854.838376354001,0.99944525225442804,-0.0019491562074985828,-0.033247383899514857,0.0,0.9982859219285285,-0.058525362701208811,0.033304470361844064,0.058492895888191523,0.9977321250639023,27,26,0.0002
117,1,24,6,22.5,664.0,11856.619832819,0.99944525227947068,-0.0018622146459614489,-0.033252366120892364,0.0,0.99843554063316742,-0.055914856706913506,0.033304469610331636,0.055883838067611616,0.99788166079290563,27,26,0.0002
118,1,24,6,54.5,695.0,11853.007686888999,0.99935185402235571,-0.0021071331779522226,-0.035936497490023797,0.0,0.99828539377220615,-0.058534370937692669,0.035998220262675677,0.05849643212061547,0.99763835910969156,27,26,0.0002
119,1,24,6,54.5,664.0,11854.789661700999,0.99935185409132965,-0.0020131449952347879,-0.035941883248515771,0.0,0.99843505867924731,-0.055923461983035674,0.035998218347881847,0.055887215419952695,0.99778792708089126,27,26,0.0002
120,1,24,6,86.5,695.0,11851.003547073,0.9992511618478036,-0.0022652273766298227,-0.038626212482542298,0.0,0.99828481529552238,-0.058544235842520442,0.038692577399474695,0.058500395685130401,0.99753726153907096,27,26,0.0002
121,1,24,6,86.5,664.0,11852.786066798,0.99925116197130137,-0.0021641873312254556,-0.038632002176942515,0.0,0.99843453080101585,-0.055932885712748855,0.038692574210097828,0.055891001040872301,0.99768686505518611,27,26,0.0002
122,1,25,6,129.5,684.0,11848.679164612,0.99910435405849807,-0.0024386508862653125,-0.042243847874056134,0.0,0.99833789478480606,-0.057632003579967693,0.042314178490802344,0.057580385709860675,0.99744373750109461,27,26,0.0002
123,1,25,6,129.5,653.0,11850.433496485,0.99910435427006694,-0.0023281258931784178,-0.042250078206057549,0.0,0.99848525248225495,-0.05502000159439803,0.042314173495325028,0.054970723164909106,0.99759096342946818,27,26,0.0002
124,1,25,6,161.5,677.0,11846.671413077,0.99898652783989783,-0.0025680009211310291,-0.044936873118343226,0.0,0.99837110714619448,-0.057053767760611773,0.04501018989501164,0.056995945355357465,0.99735928582365141,27,26,0.0002
125,1,25,6,161.5,646.0,11848.407908241999,0.99898652813002287,-0.0024504100028329401,-0.044943432284831435,0.0,0.99851697625234492,-0.054441235620383242,0.045010183455782671,0.054386060959515183,0.99750500738521852,27,26,0.0002
126,1,25,6,193.5,672.0,11844.37200702,0.99886137247335915,-0.0027023496904155335,-0.047630409265382298,0.0,0.99839439934743213,-0.056644711594994526,0.047707007668026144,0.056580214367133855,0.99725760000189123,27,26,0.0002
127,1,25,6,193.5,641.0,11846.095948718999,0.99886137285470711,-0.0025776860305058652,-0.047637310519571124,0.0,0.99853922559625397,-0.054031610614838327,0.047706999683588429,0.053970088756288372,0.99740226172835023,27,26,0.0002
128,1,26,7,-193.5,711.0,11861.719428442,0.99988548908662744,-0.00090545979169908092,-0.015105921241730005,0.0,0.99820838143127366,-0.059833328842347766,0.015133033866205865,0.059826477273211928,0.99809407567778019,27,26,0.0002
129,1,26,7,-193.5,742.0,11859.817306845,0.99988548915488529,-0.00094493832821644663,-0.015103498569922633,0.0,0.99804858725982126,-0.062442112942108406,0.015133029356205831,0.062434962642984655,0.99793429987262849,27,26,0.0002
130,1,26,7,-161.5,716.0,11860.754569438001,0.99984113583368306,-0.0010740426750491751,-0.017791838779135358,0.0,0.99818286832582526,-0.060257459130204021,0.017824227747943851,0.060247886379194919,0.99802429283661687,27,26,0.0002
131,1,26,7,-161.5,747.0,11858.838939341,0.99984113590656487,-0.0011205446028658612,-0.017788966492281223,0.0,0.99802195214343725,-0.062866390383119281,0.01782422365968616,0.062856403171003522,0.99786340229078152,27,26,0.0002
132,1,26,7,-129.5,723.0,11859.492786928,0.99978953228712808,-0.0012483935539262941,-0.020477613206135954,0.0,0.99814687013359227,-0.060850847508590718,0.020515631335291593,0.060838040369889268,0.99793679244472488,27,26,0.0002
133,1,26,7,-129.5,754.0,11857.558354785,0.99978953236000168,-0.0013019210007232575,-0.020474276179570434,0.0,0.99798438513255183,-0.063459964005683198,0.020515627783946791,0.06344660773682452,0.99777434171425761,27,26,0.0002
134,1,27,7,-86.5,733.0,11857.481599610001,0.9997087654693837,-0.0014889773712399592,-0.024086660002337636,0.0,0.99809475645713819,-0.061699733652308186,0.024132638556118899,0.061681764559338832,0.99780407679923111,27,26,0.0002
135,1,27,7,-86.5,764.0,11855.520279564,0.99970876553274091,-0.0015519495199315132,-0.024082681945559778,0.0,0.99793002363668937,-0.064309158947047862,0.024132635931522411,0.06429042990340203,0.99763939201789364,27,26,0.0002
136,1,27,7,-54.5,733.0,11856.240059870999,0.99964015125011108,-0.0016552534996382216,-0.026773646455187382,0.0,0.9980943585566503,-0.061706170010696018,0.026824764838772257,0.061683965122557229,0.99773519554945234,27,26,0.0002
137,1,27,7,-54.5,764.0,11854.278267296,0.99964015129725947,-0.0017252579473050324,-0.026769224856305958,0.0,0.99792959120353375,-0.064315868962084854,0.026824763081753543,0.064292724980073226,0.99757048753471278,27,26,0.0002
138,1,27,7,-22.5,733.0,11854.825520334,0.99956426965077672,-0.0018216158679942068,-0.029461034488599037,0.0,0.99809390505975126,-0.061713504863813919,0.029517297259555292,0.061686614416787834,0.99765900525394224,27,26,0.0002
139,1,27,7,-22.5,764.0,11852.863226257001,0.99956426967346002,-0.0018986562776244309,-0.02945616907376521,0.0,0.99792909836171906,-0.064323515474253579,0.029517296491426929,0.064295487767851767,0.99749427038982608,27,26,0.0002
140,1,28,7,22.5,764.0,11850.580337178,0.99944525219455649,-0.0021426717061681488,-0.033235475379769501,0.0,0.99792830288819112,-0.064335855436100431,0.033304472158550688,0.064300165261485909,0.99737470435217379,27,26,0.0002
141,1,28,7,22.5,733.0,11852.543385681,0.99944525222216096,-0.0020557298880742557,-0.033240965467450562,0.0,0.99809317307359169,-0.061725342152873938,0.033304471330152692,0.061691100156478287,0.99753948310375284,27,26,0.0002
