# %ECSV 0.9
# ---
# datatype:
# - {name: facet_num,datatype: int}
# - {name: chan_id,datatype: int}
# - {name: SPO_MM_num,datatype: int}
# - {name: SPO_row_num,datatype: int}
# - {name: X,unit: mm,datatype: float64}
# - {name: Y,unit: mm,datatype: float64}
# - {name: Z,unit: mm,datatype: float64}
# - {name: DispNX,datatype: float64}
# - {name: DispNY,datatype: float64}
# - {name: DispNZ,datatype: float64}
# - {name: GBarNX,datatype: float64}
# - {name: GBarNY,datatype: float64}
# - {name: GBarNZ,datatype: float64}
# - {name: NormNX,datatype: float64}
# - {name: NormNY,datatype: float64}
# - {name: NormNZ,datatype: float64}
# - {name: xsize,unit: mm,datatype: float64}
# - {name: ysize,unit: mm,datatype: float64}
# - {name: period,unit: mm,datatype: float64}
# Author: Casey DeRoo
# ORIGFILE: arcusTrace.ParamFiles.arcus_params_wsdesign_rev1p0.py
# Description: Specifications of CAT Grating Facets from preliminary specifications for Arcus 2020 (E. Hertz, as of 20/04/24)
facet_num,chan_id,SPO_MM_num,SPO_row_num,X,Y,Z,DispNX,DispNY,DispNZ,GBarNX,GBarNY,GBarNZ,NormNX,NormNY,NormNZ,xsize,ysize,period
0,1,0,0,-196.5,349.9,11877.9377,0.9998892750389267,-0.00043816763004858394,-0.014874329270859467,0.0,0.9995663960159151,-0.029445202593205107,0.014880781637063595,0.029441942274294173,0.9994557190656258,28,28.5,0.0002
1,1,0,0,-196.5,383.4,11876.90179,0.999889275075795,-0.0004801185097761578,-0.014873031789704174,0.0,0.9994793706731607,-0.03226433942888483,0.014880779159740953,0.03226076696234705,0.9993687033955987,28,28.5,0.0002
2,1,0,0,-163.5,359.8,11876.9742,0.9998441196709844,-0.0005346257669778787,-0.017647961203589434,0.0,0.9995414550646676,-0.03028001993405588,0.01765605729924194,0.030275299874585968,0.9993856462137877,28,28.5,0.0002
3,1,0,0,-163.5,393.3,11875.91008,0.9998441197114719,-0.0005844033404562283,-0.017646380680675797,0.0,0.9994520675317633,-0.03309931580083525,0.017656055006474818,0.03309415626993814,0.9992962726551067,28,28.5,0.0002
4,1,0,0,-130.5,368.0,11875.87182,0.999791254067474,-0.000632812798869588,-0.02042174914519203,0.0,0.9995202422301575,-0.030972332365633258,0.020431551340697667,0.03096586701723109,0.9993115964451147,28,28.5,0.0002
5,1,0,0,-130.5,401.5,11874.78428,0.999791254108432,-0.0006904194570681178,-0.020419880735737535,0.0,0.999428893005798,-0.03379183074657318,0.020431549336465973,0.03378477684073629,0.9992202663304689,28,28.5,0.0002
6,1,1,0,-87.5,385.5,11873.93162,0.9997107920973903,-0.0007803505652207147,-0.02403587354360341,0.0,0.9994733931271558,-0.03244898197001059,0.024048537668821666,0.032439597467993214,0.9991843375234151,28,28.5,0.0002
7,1,1,0,-87.5,419.0,11872.79422,0.9997107921342687,-0.0008481632530868977,-0.024033574627366393,0.0,0.9993778619907805,-0.035268810055577374,0.02404853613576254,0.03525861003829433,0.9990888340522551,28,28.5,0.0002
8,1,1,0,-54.5,389.4,11872.53057,0.9996401508588879,-0.0008793369905794081,-0.026810362871047315,0.0,0.9994625660606101,-0.032780772467112,0.026824779417923154,0.032768976334294715,0.9991029103146395,28,28.5,0.0002
9,1,1,0,-54.5,422.9,11871.38184,0.9996401508864892,-0.000954986344269944,-0.02680777381133649,0.0,0.9993660869155141,-0.03560090340389312,0.02682477838934593,0.035588092450363026,0.9990064659150646,28,28.5,0.0002
10,1,1,0,-21.5,390.9,11871.02391,0.9995617809968452,-0.0009742158239280214,-0.029585416575466594,0.0,0.9994582836076562,-0.032911082146260526,0.029601452167342824,0.03289665988464964,0.9990203019949188,28,28.5,0.0002
11,1,1,0,-21.5,424.4,11869.87063,0.9995617810096353,-0.0010577060330904141,-0.02958254895700687,0.0,0.99936142393922,-0.03573155947023198,0.029601451735449463,0.03571590122231677,0.9989234847850118,28,28.5,0.0002
12,1,2,0,21.5,424.1,11867.70621,0.9994480536889514,-0.0011863909858607392,-0.03319910320770459,0.0,0.9993620931552799,-0.0357128375279484,0.033220294661052495,0.03569312595901777,0.998810498934561,28,28.5,0.0002
13,1,2,0,21.5,390.6,11868.85906,0.9994480537043583,-0.0010926767128143604,-0.03320231925892918,0.0,0.9994589169350501,-0.03289184335084948,0.03322029419753212,0.03287368881975513,0.9989072692882015,28,28.5,0.0002
14,1,2,0,54.5,422.6,11865.87861,0.9993518545203126,-0.0012812538927241437,-0.035975397916835426,0.0,0.9993663983779745,-0.035592159151081354,0.03599820643882508,0.03556909025401526,0.998718663564314,28,28.5,0.0002
15,1,2,0,54.5,389.1,11867.02755,0.9993518545646948,-0.0011796870295443108,-0.03597887041886405,0.0,0.9994628957820423,-0.032770717950241265,0.03599820520671949,0.032749477758990155,0.9988150984683843,28,28.5,0.0002
16,1,2,0,87.5,418.8,11863.94825,0.9992478985004295,-0.0013679762604267504,-0.03875262550365686,0.0,0.999377528872478,-0.0352782480395423,0.038776762918992694,0.03525171521628953,0.9986258955343759,28,28.5,0.0002
17,1,2,0,87.5,385.3,11865.08678,0.9992478985803996,-0.0012585508062203505,-0.038756331515295665,0.0,0.9994731549910557,-0.032456316060593855,0.038776760858216845,0.03243190561920969,0.9987214498123343,28,28.5,0.0002
18,1,3,0,130.5,400.9,11861.60053,0.999100784394064,-0.001432168495684448,-0.04237418455340472,0.0,0.9994293318321505,-0.03377884949995944,0.04239837995921583,0.033748475031338515,0.9985306293799371,28,28.5,0.0002
19,1,3,0,130.5,367.4,11862.68879,0.9991007845266754,-0.001312493182442802,-0.04237805705584011,0.0,0.9995207415952766,-0.030956212960055622,0.04239837683428457,0.03092837665436641,0.9986219570785252,28,28.5,0.0002
20,1,3,0,163.5,392.7,11859.38544,0.9989789226609802,-0.00149518240628855,-0.0451539201917051,0.0,0.999452214573328,-0.0330948755016555,0.04517866840785537,0.03306108307424308,0.9984316965655943,28,28.5,0.0002
21,1,3,0,163.5,359.2,11860.45082,0.9989789228421957,-0.0013676325855209175,-0.04515795941091393,0.0,0.9995417086752374,-0.030271647107267822,0.04517866440087322,0.030240737419877477,0.9985210994682364,28,28.5,0.0002
22,1,3,0,196.5,382.9,11857.03185,0.9988492658820513,-0.001547962960826666,-0.04793482927433294,0.0,0.9994789861709139,-0.03227624827581474,0.047959817002231536,0.03223910689572437,0.9983288516013542,28,28.5,0.0002
23,1,3,0,196.5,349.4,11858.06982,0.9988492661176882,-0.0014125307983633574,-0.04793900638206363,0.0,0.9995661844428562,-0.029452383916249696,0.04795981209466799,0.029418492060162404,0.9984159497668045,28,28.5,0.0002
24,1,0,0,-196.5,424.0,11875.51933,0.999889275124864,-0.0005309604685590009,-0.014871300254335546,0.0,0.9993632315693782,-0.03568096673591254,0.014880775862628027,0.03567701596532598,0.9992525772003473,28,28.5,0.0002
25,1,4,1,-196.5,457.5,11874.2738,0.9998892751691403,-0.0005729113432098021,-0.01486974022382287,0.0,0.9992585960540527,-0.03850010665028871,0.014880772887560453,0.038495843732491784,0.9991479533150195,28,28.5,0.0002
26,1,4,1,-163.5,431.5,11874.58102,0.9998441197617643,-0.0006411646400780978,-0.01764440664140559,0.0,0.9993404235006886,-0.03631415643333133,0.01765605215847994,0.03630849577397518,0.9991846460773947,28,28.5,0.0002
27,1,4,1,-163.5,465.0,11873.31402,0.9998441198097902,-0.0006909422263281277,-0.0176425247803694,0.0,0.9992339929440103,-0.0391334555740963,0.017656049438820442,0.03912735544359784,0.999078232159126,28,28.5,0.0002
28,1,4,1,-130.5,438.8,11873.46183,0.9997912541582431,-0.0007545606198595238,-0.020417608747318124,0.0,0.9993178122151436,-0.03693115472793878,0.02043154689903837,0.036923445502958036,0.9991092087772501,28,28.5,0.0002
29,1,4,1,-130.5,472.3,11872.17389,0.999791254206803,-0.000812167311848137,-0.020415396049195296,0.0,0.9992096303044721,-0.03975065668388742,0.02043154452281896,0.03974235890152784,0.999001049497624,28,28.5,0.0002
30,1,5,1,-87.5,453.8,11871.51224,0.9997107921758595,-0.0009186075106507164,-0.024030983487099842,0.0,0.9992701875540172,-0.038198066256806815,0.024048534406817583,0.0381870190771783,0.998981190797346,28,28.5,0.0002
31,1,5,1,-87.5,487.3,11870.18143,0.9997107922190486,-0.0009864202637225056,-0.024028293651989725,0.0,0.9991584118762827,-0.04101789825021339,0.02404853261142833,0.041006035554881144,0.9988694474891647,28,28.5,0.0002
32,1,5,1,-54.5,456.9,11870.11896,0.9996401509167817,-0.0010317648373992748,-0.026804927464816043,0.0,0.9992600201127628,-0.038463127853060816,0.026824777260468405,0.03844928693176519,0.9989004373106285,28,28.5,0.0002
33,1,5,1,-54.5,490.4,11868.77904,0.9996401509489096,-0.0011074142827001143,-0.026801907477789055,0.0,0.9991474827089158,-0.041283262909278355,0.026824776063212402,0.04126840716629453,0.9987879404353637,28,28.5,0.0002
34,1,5,1,-21.5,458.4,11868.6031,0.9995617810236936,-0.0011424424246102164,-0.029579397256327074,0.0,0.9992549688120002,-0.038594135623544516,0.029601451260726372,0.03857722294094014,0.9988170763224984,28,28.5,0.0002
35,1,5,1,-21.5,491.9,11867.25857,0.9995617810386072,-0.0012259327563564361,-0.029576054094561176,0.0,0.9991420466925955,-0.0414146173582605,0.029601450757142236,0.04139646868765529,0.99870420370261,28,28.5,0.0002
36,1,6,1,21.5,491.6,11865.09491,0.9994480536540403,-0.0013752184994732161,-0.03319181858876626,0.0,0.9991427793764668,-0.04139693732474923,0.03322029571136992,0.0413740884364589,0.9985913061702977,28,28.5,0.0002
37,1,6,1,21.5,458.1,11866.43908,0.9994480536720095,-0.0012815040604880186,-0.0331955683574628,0.0,0.9992556714753955,-0.0385759384105715,0.03322029517075417,0.038554646563017006,0.9987041359768012,28,28.5,0.0002
38,1,6,1,54.5,490.1,11863.2751,0.999351854419611,-0.0014859038435691165,-0.03596752921527809,0.0,0.9991477348517499,-0.04127716003575123,0.035998209234407996,0.04125040642690306,0.9985001416632504,28,28.5,0.0002
39,1,6,1,54.5,456.6,11864.61542,0.9993518544714834,-0.0013843367778780301,-0.03597158011669906,0.0,0.999260305462326,-0.03845571384513516,0.03599820779437061,0.038430788946160525,0.9986126393635165,28,28.5,0.0002
40,1,6,1,87.5,487.0,11861.33683,0.9992478983167742,-0.001590747249872254,-0.03874412513784595,0.0,0.9991581940481168,-0.041023204000980466,0.0387767676516499,0.04099235038019999,0.9984067254885641,28,28.5,0.0002
41,1,6,1,87.5,453.5,11862.66878,0.9992478984105052,-0.0014813215529486884,-0.03874846072614228,0.0,0.9992700652064972,-0.038201266761757,0.03877676523626772,0.03817253552830478,0.9985185126021208,28,28.5,0.0002
42,1,7,1,130.5,471.7,11858.98793,0.9991007840758278,-0.001685094687219074,-0.04236488776052179,0.0,0.9992098827381322,-0.03974431076831165,0.042398387458327975,0.039708572051173535,0.9983113772999839,28,28.5,0.0002
43,1,7,1,130.5,438.2,11860.27703,0.9991007842327779,-0.0015654190775988696,-0.04236947496204853,0.0,0.9993181627400483,-0.036921668676460004,0.04239838375985773,0.036888468129833984,0.9984195600916411,28,28.5,0.0002
44,1,7,1,163.5,464.3,11856.7897,0.9989789222193212,-0.0017677968778230671,-0.04514407885562072,0.0,0.9992341671007471,-0.03912900840139527,0.04517867817371091,0.0390890546403366,0.9982138712950251,28,28.5,0.0002
45,1,7,1,163.5,430.8,11858.05825,0.9989789224350853,-0.0016402467166377849,-0.045148888371081934,0.0,0.9993407280589818,-0.03630577423144378,0.04517867340278882,0.036268703219899195,0.998320323661855,28,28.5,0.0002
46,1,7,1,196.5,456.9,11854.40205,0.9988492652863449,-0.001847127161856668,-0.047924246036604,0.0,0.9992580588230575,-0.038514047790057446,0.04795982940888159,0.03846972833830205,0.9981081778868702,28,28.5,0.0002
47,1,3,0,196.5,423.4,11855.65006,0.9988492655694351,-0.0017116946058491215,-0.047929268437734554,0.0,0.9993629026746098,-0.03569017732903883,0.04795982351302089,0.03564910741315334,0.998212901373873,28,28.5,0.0002
48,1,4,1,-196.5,495.7,11872.73782,0.9998892752237516,-0.0006207478597658188,-0.014867816403723411,0.0,0.9991295601648329,-0.04171476962452689,0.014880769218028712,0.04171015076599397,0.9990189317678407,28,28.5,0.0002
49,1,8,2,-196.5,529.2,11871.28932,0.9998892752752089,-0.0006626987286135054,-0.014866002152999026,0.0,0.9990078731360128,-0.04453391305802814,0.014880765760466687,0.04452898205276091,0.9988972582641957,28,28.5,0.0002
50,1,8,2,-163.5,502.6,11871.77899,0.9998441198679981,-0.000746812002879748,-0.017640244817484305,0.0,0.9991050473614356,-0.04229780534381878,0.01765604614256621,0.0422912119563384,0.9989493067347691,28,28.5,0.0002
51,1,8,2,-163.5,536.1,11870.31066,0.9998441199237134,-0.0007965896041266443,-0.01763806392372633,0.0,0.9989817048054626,-0.045117108329008844,0.017656042987455003,0.045110075470720705,0.9988259834611086,28,28.5,0.0002
52,1,8,2,-130.5,509.0,11870.65403,0.9997912542640733,-0.0008752767532115155,-0.02041278490741767,0.0,0.999081967811885,-0.04283948637800957,0.020431541720369782,0.04283054381789887,0.9988734137112629,28,28.5,0.0002
53,1,8,2,-130.5,542.5,11869.16726,0.9997912543200242,-0.0009328834840699664,-0.020410230611093046,0.0,0.9989570843678813,-0.04565899244641495,0.020431538982486123,0.045649461328989706,0.9987485563920382,28,28.5,0.0002
54,1,9,2,-87.5,521.3,11868.73371,0.9997107922660454,-0.0010552451839770857,-0.024025367518480705,0.0,0.9990368168604012,-0.043879819478174736,0.024048530657742366,0.04386712909501711,0.9987478876864597,28,28.5,0.0002
55,1,9,2,-87.5,554.8,11867.21162,0.9997107923155473,-0.001123058011900773,-0.024022291075636186,0.0,0.9989089758999304,-0.04669965595753666,0.0240485285999099,0.046686150058172456,0.9986200837480314,28,28.5,0.0002
56,1,9,2,-54.5,524.4,11867.32204,0.9996401509839262,-0.0011841928769019013,-0.02679862362255709,0.0,0.9990251125695538,-0.04414549190336745,0.0268247747582935,0.04412960619154192,0.9986656143657626,28,28.5,0.0002
57,1,9,2,-54.5,557.9,11865.79079,0.9996401510206786,-0.001259842428655689,-0.026795172408664462,0.0,0.9988965058676783,-0.046965631746451665,0.026824773388699753,0.04694873121180451,0.998537053979594,28,28.5,0.0002
58,1,9,2,-21.5,525.9,11865.79688,0.9995617810547819,-0.001310669280928115,-0.02957241959374153,0.0,0.9990192839534147,-0.044277198298973475,0.02960145021096562,0.04425779519183767,0.9985814947765481,28,28.5,0.0002
59,1,9,2,-21.5,559.4,11864.26097,0.9995617810718138,-0.0013941597538638805,-0.02956860056080094,0.0,0.9988902882984259,-0.047097685113895414,0.029601449635845396,0.047077046016804756,0.9984525556669122,28,28.5,0.0002
60,1,10,2,21.5,559.1,11862.09793,0.9994480536140198,-0.0015640463843358226,-0.03318345801834009,0.0,0.9988910726128337,-0.047081047719678984,0.03322029691539938,0.047055061505541944,0.9983397382953171,28,28.5,0.0002
61,1,10,2,21.5,525.6,11863.63355,0.9994480536345465,-0.001470331754187729,-0.033187741873310306,0.0,0.9990200441246424,-0.0442600433483477,0.0332202962978485,0.04423561417828675,0.9984686386422725,28,28.5,0.0002
62,1,10,2,54.5,557.6,11860.28579,0.9993518543039728,-0.0016905542479513777,-0.03595849448386273,0.0,0.9988966685258723,-0.04696217209535104,0.035998212444665265,0.04693173376563136,0.9982492379493915,28,28.5,0.0002
63,1,10,2,54.5,524.1,11861.81762,0.999351854363325,-0.0015889869485905686,-0.03596312418382301,0.0,0.9990253234152194,-0.04414072014723124,0.035998210796980824,0.044112110532068115,0.99837780951092,28,28.5,0.0002
64,1,10,2,87.5,554.5,11858.36431,0.9992478981078581,-0.0018112322737291568,-0.038734449327159574,0.0,0.9989085293905943,-0.04670920584553069,0.03877677303525515,0.04667407576343383,0.998157248395563,28,28.5,0.0002
65,1,10,2,87.5,521.0,11859.88782,0.9992478982150805,-0.0017018062999866954,-0.038739408462977874,0.0,0.9990364899145912,-0.04388726260696638,0.03877677027221473,0.043854254918424464,0.9982851127873269,28,28.5,0.0002
66,1,11,2,130.5,541.8,11855.98275,0.9991007837094796,-0.0019355208924343639,-0.04235419400695169,0.0,0.9989574585764741,-0.04565080453214506,0.042398396091167787,0.0456097545850344,0.9980591797561852,28,28.5,0.0002
67,1,11,2,130.5,508.3,11857.47085,0.9991007838908957,-0.001815844938231238,-0.04235948932362179,0.0,0.9990824535817323,-0.04282815598535455,0.042398391816173026,0.04278964421756928,0.9981840625451481,28,28.5,0.0002
68,1,11,2,163.5,535.2,11853.79123,0.9989789217089415,-0.002037746933423239,-0.04513271062849735,0.0,0.9989822894126144,-0.04510416211317324,0.04517868945908407,0.04505810723240311,0.9979622502837434,28,28.5,0.0002
69,1,11,2,163.5,501.7,11855.26111,0.9989789219593883,-0.0019101963748266654,-0.04513828342624187,0.0,0.9991057620204279,-0.04228092120070131,0.045178683921271355,0.04223774908052645,0.9980855970665804,28,28.5,0.0002
70,1,11,2,196.5,528.4,11851.42015,0.9988492646107526,-0.002136185399323227,-0.047912245809377536,0.0,0.9990075516001582,-0.044541125332184225,0.047959843479295224,0.04448987028298758,0.9978579582564064,28,28.5,0.0002
71,1,7,1,196.5,494.9,11852.87124,0.9988492649394909,-0.002000752395144157,-0.04791808551781228,0.0,0.9991294566900474,-0.04171724792278301,0.04795983663273933,0.0416692424229703,0.9979797233942466,28,28.5,0.0002
72,1,8,2,-196.5,565.7,11869.60309,0.999889275335099,-0.0007084063882517511,-0.014863890144897873,0.0,0.9988662145370487,-0.0476055191803055,0.014880761736232054,0.04760024807514683,0.9987556154101633,28,28.5,0.0002
73,1,12,3,-196.5,599.2,11867.95628,0.9998892753935482,-0.000750357250599921,-0.014861827510849244,0.0,0.9987278673406478,-0.050424666555185196,0.014880757808853798,0.0504190833038254,0.9986172835905839,28,28.5,0.0002
74,1,12,3,-163.5,572.1,11868.62695,0.9998441199876128,-0.0008500819604724152,-0.017635563128424646,0.0,0.9988402698901927,-0.04814680929913121,0.017656039368900703,0.04813930417390127,0.9986845706565495,28,28.5,0.0002
75,1,12,3,-163.5,605.6,11866.96167,0.9998441200507936,-0.0008998595784790097,-0.017633089706394926,0.0,0.9987003829781411,-0.05096611658066999,0.01765603579104752,0.05095817198500613,0.9985447056131698,28,28.5,0.0002
76,1,12,3,-130.5,578.4,11867.46858,0.9997912543841083,-0.0009946172875147574,-0.02040731225571613,0.0,0.9988144018606172,-0.0486804954352094,0.020431535846600592,0.048670333595207865,0.9986059037331394,28,28.5,0.0002
77,1,12,3,-130.5,611.9,11865.78509,0.9997912544474034,-0.001052224062327791,-0.02040441998710301,0.0,0.9986729942108842,-0.051500006154050454,0.020431532749341896,0.051489255756807094,0.9984645256648443,28,28.5,0.0002
78,1,13,3,-87.5,588.8,11865.5697,0.9997107923688351,-0.001191883012703226,-0.02401897242098525,0.0,0.9987710696593021,-0.049561582012821265,0.02404852638470849,0.049547248425090555,0.9984822174441698,28,28.5,0.0002
79,1,13,3,-87.5,622.3,11863.85619,0.999710792424526,-0.001259695924972343,-0.024015509074402877,0.0,0.9986271508762312,-0.052381423547100375,0.024048524069599758,0.05236627444259646,0.998338340339124,28,28.5,0.0002
80,1,13,3,-54.5,591.9,11864.13954,0.9996401510602952,-0.0013366211373490797,-0.026791450727526585,0.0,0.9987578203853823,-0.049827865888882474,0.02682477191236289,0.0498099353841746,0.9983984184426947,28,28.5,0.0002
81,1,13,3,-54.5,625.4,11862.41681,0.9996401511016791,-0.0014122708098226646,-0.02678756794805355,0.0,0.9986131317586692,-0.052648011160372606,0.02682477037016092,0.052629065831557784,0.9982537819233572,28,28.5,0.0002
82,1,13,3,-21.5,593.4,11862.60496,0.9995617810901835,-0.0014788964322930292,-0.029564482900312765,0.0,0.9987512058879283,-0.04996027159062512,0.029601449015552176,0.04993837805487454,0.9983135342233062,28,28.5,0.0002
83,1,13,3,-21.5,626.9,11860.87752,0.9995617811093347,-0.0015623870652406225,-0.029560187621073975,0.0,0.9986061240220636,-0.052780764163007025,0.029601448368867463,0.05275763463508704,0.998168515954183,28,28.5,0.0002
84,1,14,3,21.5,626.6,11858.71495,0.9994480535687507,-0.0017528746954802751,-0.033174020677894406,0.0,0.9986069481056741,-0.05276517028373428,0.03322029827733972,0.05273604673630192,0.9980557705644465,28,28.5,0.0002
85,1,14,3,21.5,593.1,11860.44217,0.9994480535918353,-0.0016591598485944613,-0.03317883904070235,0.0,0.9987520117172969,-0.04994415972516215,0.03322029758283364,0.04991659322559303,0.9982007541317822,28,28.5,0.0002
86,1,14,3,54.5,625.1,11856.91039,0.9993518541734219,-0.0018952051681231973,-0.035948292831709534,0.0,0.9986131746889736,-0.05264719686374196,0.03599821606890569,0.052613073802813694,0.997965927727433,28,28.5,0.0002
87,1,14,3,54.5,591.6,11858.63387,0.9993518542401207,-0.0017936376054955448,-0.03595350179012029,0.0,0.9987579265217466,-0.049825738428862155,0.03599821421726404,0.04979344408776664,0.9981105858065259,28,28.5,0.0002
88,1,14,3,87.5,622.0,11855.00559,0.9992478978717836,-0.0020317179108923773,-0.038723516384135466,0.0,0.9986264270578141,-0.052395220981921134,0.038776779118718054,0.05235581442471226,0.9978753579967308,28,28.5,0.0002
89,1,14,3,87.5,588.5,11856.7208,0.9992478979922853,-0.0019222916248840894,-0.038729099562326216,0.0,0.9987704895544123,-0.04957327097579726,0.03877677601348101,0.04953598681916738,0.998019312263972,28,28.5,0.0002
90,1,15,3,130.5,611.0,11852.6075,0.9991007832980353,-0.002182732704963389,-0.042342183354082415,0.0,0.9986739493725002,-0.051481480599656876,0.04239840578668083,0.0514351875924598,0.9977759250774075,28,28.5,0.0002
91,1,15,3,130.5,577.5,11854.2922,0.9991007835036491,-0.0020630563617846263,-0.04234817824703701,0.0,0.9988154578160866,-0.04865882476633991,0.042398400941482665,0.048615069948416974,0.997917306479608,28,28.5,0.0002
92,1,15,3,163.5,604.7,11850.4382,0.9989789211388248,-0.002302367420004859,-0.0451199980559964,0.0,0.9987006264750493,-0.05096134494245642,0.04517870206535175,0.05090930939039861,0.9976808743767132,28,28.5,0.0002
93,1,15,3,163.5,571.2,11852.10557,0.9989789214223124,-0.0021748164194460864,-0.04512631967549792,0.0,0.9988406898311226,-0.04813809653161378,0.04517869579695195,0.048088943752474696,0.9978207950002134,28,28.5,0.0002
94,1,15,3,196.5,598.3,11848.08573,0.9988492638552098,-0.002418776229466842,-0.047898826890204416,0.0,0.9987274290287435,-0.05043334715876478,0.047959859214826754,0.05037531168328642,0.9975781572773663,28,28.5,0.0002
95,1,11,2,196.5,564.8,11849.73552,0.9988492642292862,-0.002283342719388164,-0.04790546622922685,0.0,0.9988660266206992,-0.04760946190597939,0.0479598514240169,0.04755467599513974,0.9977165957537157,28,28.5,0.0002
96,1,12,3,-196.5,635.7,11866.05389,0.9998892754610503,-0.0007960649027068622,-0.014859444762399296,0.0,0.9985680489185405,-0.05349627724449146,0.014880753273141704,0.05349035389385802,0.998457482931714,28,28.5,0.0002
97,1,16,4,-196.5,669.2,11864.20858,0.9998892755268515,-0.0008380157575911805,-0.01485713350476462,0.0,0.9984130269783958,-0.056315429145459485,0.014880748851733589,0.05630919364923721,0.9983024782219988,28,28.5,0.0002
98,1,16,4,-163.5,641.2,11865.08789,0.9998441201218095,-0.0009527575941083942,-0.01763030660006401,0.0,0.9985429812448158,-0.05396215902570747,0.017656031769494294,0.05395374741093162,0.998387328486531,28,28.5,0.0002
99,1,16,4,-163.5,674.7,11863.22662,0.9998441201924725,-0.0010025352309150906,-0.01762754207630021,0.0,0.9983866307882382,-0.05678147112668276,0.017656027767902954,0.056772620041892395,0.9982310024723927,28,28.5,0.0002
100,1,16,4,-130.5,647.5,11863.89191,0.9997912545188562,-0.001113442034195132,-0.020401167477593157,0.0,0.9985139744100342,-0.05449626508191081,0.02043152925290511,0.054484889232835725,0.9983055391300169,28,28.5,0.0002
101,1,16,4,-130.5,681.0,11862.01236,0.9997912545898026,-0.0011710488589914618,-0.020397938384024403,0.0,0.998356099414509,-0.05731578108904285,0.020431525781218624,0.05730381668280863,0.9981476971610135,28,28.5,0.0002
102,1,17,4,-87.5,656.3,11862.01991,0.9997107924841031,-0.0013285210164137523,-0.024011797573599527,0.0,0.9984729198754136,-0.05524335503448281,0.024048521592949807,0.05522737824100349,0.9981841540025661,28,28.5,0.0002
103,1,17,4,-87.5,689.8,11860.11481,0.999710792546025,-0.0013963340231980218,-0.024007946982078494,0.0,0.9983129091354224,-0.058063202233167445,0.024048519018821768,0.05804640992227997,0.9980241896007012,28,28.5,0.0002
104,1,17,4,-54.5,659.4,11860.57113,0.9996401511460918,-0.0014890496491918176,-0.02678340806845784,0.0,0.9984581173059066,-0.05551025117890042,0.026824768715112732,0.05549027587863351,0.9980988232967185,28,28.5,0.0002
105,1,17,4,-54.5,692.9,11858.65676,0.9996401511920232,-0.0015646994558120935,-0.026779093345409736,0.0,0.9982973325348624,-0.058330402482566344,0.0268247670034464,0.058309412356764186,0.9979380964297434,28,28.5,0.0002
106,1,17,4,-21.5,660.9,11859.02704,0.9995617811298467,-0.0016471239153618056,-0.029555586398103077,0.0,0.9984507082686075,-0.05564335681746811,0.0296014476762251,0.05561897284851203,0.9980131683273262,28,28.5,0.0002
107,1,17,4,-21.5,694.4,11857.1079,0.9995617811511233,-0.001730614727230255,-0.02955081445002622,0.0,0.9982895259200908,-0.05846385582768551,0.0296014469577753,0.05843823586408381,0.9978520566331963,28,28.5,0.0002
108,1,18,4,21.5,694.1,11854.94566,0.9994480535183365,-0.0019417034815163903,-0.03316350563493678,0.0,0.9982903778865261,-0.05844930640458438,0.033220299794080976,0.058417045515558694,0.9977393750247731,28,28.5,0.0002
109,1,18,4,21.5,660.6,11856.86466,0.9994480535440357,-0.0018479883906599274,-0.03316885897866479,0.0,0.998451547886092,-0.055628288881350234,0.033220299020908374,0.0555975850444508,0.9979004560927841,28,28.5,0.0002
110,1,18,4,54.5,692.6,11853.14856,0.9993518540278173,-0.002099856668578738,-0.03593692325638242,0.0,0.9982972254050414,-0.05833223593002295,0.03599822011105124,0.058294428126256514,0.9976501830793542,28,28.5,0.0002
111,1,18,4,54.5,659.1,11855.06386,0.999351854101885,-0.001998288811441553,-0.035942711986592484,0.0,0.998458088448143,-0.055510770238581496,0.035998218054857534,0.05547479116055014,0.9978109419336753,28,28.5,0.0002
112,1,18,4,87.5,689.5,11851.26033,0.99924789760827,-0.002252204238783138,-0.03871132523589333,0.0,0.9983118592263875,-0.05808125108805152,0.03877678590925639,0.058037568040193534,0.9975610264893711,28,28.5,0.0002
113,1,18,4,87.5,656.0,11853.16742,0.9992478977423465,-0.0021427776009940824,-0.038717533000623194,0.0,0.9984720379091867,-0.05525929345798665,0.03877678245421695,0.055217732818620545,0.997721084835271,28,28.5,0.0002
114,1,19,4,130.5,680.0,11848.8374,0.999100782838343,-0.0024292309039537136,-0.042328767629415544,0.0,0.9983572738023316,-0.05729532132710215,0.04239841661913545,0.057243800390882185,0.9974595338082638,28,28.5,0.0002
115,1,19,4,130.5,646.5,11850.7183,0.9991007830679175,-0.0023095541258088955,-0.04233546070156841,0.0,0.9985152625782409,-0.054472657345743566,0.042398411209314014,0.05442367460992274,0.9976173807471876,28,28.5,0.0002
116,1,19,4,163.5,673.8,11846.69798,0.9989789205019337,-0.0025654659147060894,-0.04510581755640767,0.0,0.9983864395025551,-0.056784834396261155,0.04517871614810953,0.05672685256605804,0.9973670075780317,28,28.5,0.0002
117,1,19,4,163.5,640.3,11848.56189,0.9989789208190655,-0.002437914415605913,-0.04511288432895493,0.0,0.9985430126693513,-0.053961577527126006,0.04517870913578083,0.05390647848374266,0.9975234211878468,28,28.5,0.0002
118,1,19,4,196.5,668.2,11844.33645,0.9988492630054289,-0.002701368213814527,-0.04788373840130918,0.0,0.9984124539801336,-0.05632558687992397,0.047959876913015724,0.05626077094336031,0.9972635438334979,28,28.5,0.0002
119,1,15,3,196.5,634.7,11846.18511,0.9988492634246264,-0.0025659341337762715,-0.04789117808221398,0.0,0.99856775877681,-0.0535016927905866,0.04795986818248369,0.053440126435848084,0.9974186703337969,28,28.5,0.0002
120,1,16,4,-196.5,704.4,11862.16723,0.9998892755992524,-0.0008820954578525654,-0.014854576709072328,0.0,0.9982415343069506,-0.05927764489675096,0.014880743986860272,0.05927108141504203,0.998131004611263,28,28.5,0.0002
121,1,20,5,-196.5,737.9,11860.12694,0.9998892756718208,-0.000924046304757831,-0.014852021239823557,0.0,0.9980701314169074,-0.062096801636132896,0.014880739110726546,0.06208992600948966,0.9979596207721305,28,28.5,0.0002
122,1,20,5,-163.5,710.3,11861.14446,0.9998441202715538,-0.0010554332677368944,-0.017624449467150728,0.0,0.998211725147362,-0.059777519004449525,0.017656023289597107,0.059768200901019926,0.9980561241747143,28,28.5,0.0002
123,1,20,5,-163.5,743.8,11859.08701,0.9998441203496923,-0.0011052109254377637,-0.017621393558979646,0.0,0.9980388950662118,-0.0625968364617175,0.017656018864686242,0.06258707888873948,0.9978833211122554,28,28.5,0.0002
124,1,20,5,-130.5,715.7,11859.9652,0.9997912546670435,-0.00123071923913137,-0.02039442133165925,0.0,0.9981841455637459,-0.06023629757193326,0.020431522001525145,0.06022372352594055,0.9979757792819284,28,28.5,0.0002
125,1,20,5,-130.5,749.2,11857.89198,0.9997912547450732,-0.001288326117494816,-0.020390859498486808,0.0,0.9980100017831219,-0.06305581924654326,0.020431518183239565,0.06304265664348004,0.9978016719308804,28,28.5,0.0002
126,1,21,5,-87.5,723.8,11858.08399,0.9997107926119022,-0.0014651592154493506,-0.024003842270683758,0.0,0.9981423382188309,-0.06092513976221127,0.02404851628027144,0.06090751976167114,0.9978536680802448,28,28.5,0.0002
127,1,21,5,-87.5,757.3,11855.98711,0.9997107926801126,-0.001532972327095883,-0.02399960405392248,0.0,0.9979662197870933,-0.06374499324542246,0.024048513444716164,0.06372655772676972,0.9976776006513306,28,28.5,0.0002
128,1,21,5,-54.5,726.9,11856.61649,0.9996401512410211,-0.0016414784382196828,-0.0267744948666597,0.0,0.9981259738713092,-0.061192648933106775,0.02682476517749833,0.06117062883432957,0.9977667994783073,28,28.5,0.0002
129,1,21,5,-54.5,760.4,11854.51028,0.9996401512916341,-0.0017171283945242935,-0.026769747770868144,0.0,0.9979490771297523,-0.06401280696763322,0.026824763291391437,0.06398977204172704,0.9975899664433324,28,28.5,0.0002
130,1,21,5,-21.5,728.4,11855.06276,0.9995617811738196,-0.0018153517693284026,-0.02954572921041359,0.0,0.9981177615238233,-0.06132645538976065,0.02960144619138549,0.06129958098246594,0.9976803675299784,28,28.5,0.0002
131,1,21,5,-21.5,761.9,11852.95172,0.9995617811972768,-0.0018988427808030288,-0.02954048012170737,0.0,0.99794046281318,-0.06414696158210301,0.02960144539929083,0.0641188511774002,0.9975031465383772,28,28.5,0.0002
132,1,22,5,21.5,761.6,11850.78968,0.9994480534627189,-0.0021305327956977708,-0.03315191185419734,0.0,0.9979413307484327,-0.06413345760246471,0.03322030146735598,0.06409805936261717,0.9973905204865166,28,28.5,0.0002
133,1,22,5,21.5,728.1,11852.90064,0.9994480534909939,-0.0020368174364047264,-0.03315780070804112,0.0,0.998118623025949,-0.06131243241613755,0.03322030061669242,0.06127859123310679,0.997567714936396,28,28.5,0.0002
134,1,22,5,54.5,760.1,11848.99993,0.9993518538671324,-0.0023045088128070728,-0.03592438463575238,0.0,0.9979487895033164,-0.06401729085852657,0.03599822457185614,0.06397579829901996,0.9973019728546002,28,28.5,0.0002
135,1,22,5,54.5,726.6,11851.10725,0.9993518539487426,-0.002202940627508853,-0.0359307537049129,0.0,0.9981257796348832,-0.06119581708137071,0.035998222306267307,0.06115615325417594,0.9974788483521546,28,28.5,0.0002
136,1,22,5,87.5,757.0,11847.12818,0.9992478973177163,-0.002472691328865686,-0.038697874666639785,0.0,0.9979647948411897,-0.06376729771271712,0.03877679339660267,0.06371933815706542,0.9972142228421648,28,28.5,0.0002
137,1,22,5,87.5,723.5,11849.22733,0.9992478974652055,-0.002363264303642367,-0.038704707636119634,0.0,0.9981411055285127,-0.06094533168601795,0.03877678959592152,0.060899494547573006,0.997390401072962,28,28.5,0.0002
138,1,23,5,130.5,748.2,11844.71361,0.9991007823353447,-0.00267287210546318,-0.042314093297740024,0.0,0.998010889144284,-0.06304177305117242,0.042398428472079135,0.06298508477523364,0.9971134601232472,28,28.5,0.0002
139,1,23,5,130.5,714.7,11846.78862,0.9991007825884322,-0.0025531948514915365,-0.042321477139068864,0.0,0.9981851832081857,-0.06021910015635026,0.04239842250818315,0.06016495009298072,0.997287597711476,28,28.5,0.0002
140,1,23,5,163.5,742.8,11842.55837,0.9989789197971194,-0.002828184768115026,-0.045090122775373075,0.0,0.9980387019734775,-0.06259991504064666,0.045178731732761324,0.06253599550669664,0.9970196244131837,28,28.5,0.0002
141,1,23,5,163.5,709.3,11844.61873,0.9989789201480257,-0.0027006327147456656,-0.04509793435207565,0.0,0.9982117772607662,-0.05977664876774479,0.04517872397361484,0.05971561203606953,0.997192523327002,28,28.5,0.0002
142,1,23,5,196.5,736.9,11840.24691,0.9988492620780339,-0.0029791100912546515,-0.04786728057067134,0.0,0.9980688937160869,-0.06211669176917395,0.047959896227652385,0.06204521173636808,0.996920377991353,28,28.5,0.0002
143,1,19,4,196.5,703.4,11842.29122,0.9988492625418983,-0.002843675386273691,-0.047875507619276426,0.0,0.9982406349634705,-0.059292787990844996,0.04795988656685808,0.05922455755870865,0.9970919220726188,28,28.5,0.0002
